cell	moleculecnt	barcode_moleculecnt	barcodes	barcodereads_split	barcodecnt	readcnt
bc146	436	0	/	0	0	20574
bc160	400	1	GGTGCCATTCATCA	1	1	15303
bc141	493	0	/	0	0	22290
bc208	55	0	/	0	0	9778
bc069	612	1	GGTGCCATTCATCA	1	1	52566
bc123	579	1	GGTGCCATTCATCA	1	1	27052
bc005	1960	0	/	0	0	275306
bc013	1162	0	/	0	0	140120
bc137	241	0	/	0	0	24757
bc068	507	1	CATACCCAGTGAAT	1	1	52899
bc124	337	0	/	0	0	27039
bc067	715	0	/	0	0	53179
bc057	777	0	/	0	0	58894
bc145	579	3	GGTGCCATTCATCA	3	1	21100
bc187	109	0	/	0	0	11915
bc157	467	3	GCAAGGTTTAAATG	3	1	15945
bc178	124	0	/	0	0	12743
bc098	383	0	/	0	0	38647
bc161	126	0	/	0	0	14929
bc139	330	0	/	0	0	23887
bc072	1083	5	CATTGAAAAAAAAA,TTCTAGACAAAAAA	2,3	2	50789
bc159	357	3	TCTTAAAAAAAAAA	3	1	15363
bc202	49	0	/	0	0	10841
bc170	128	0	/	0	0	13522
bc092	631	4	CCAAAATCCANAAA,CAAACAAAAAAAAA	1,3	2	40712
bc210	77	0	/	0	0	9372
bc103	566	0	/	0	0	35769
bc169	470	1	GGTGCCATTCATCA	1	1	13535
bc214	91	0	/	0	0	8813
bc173	388	1	GGTGCCATTCATCA	1	1	12961
bc204	143	0	/	0	0	10347
bc010	1203	0	/	0	0	180408
bc031	760	0	/	0	0	81313
bc107	272	0	/	0	0	34731
bc132	309	0	/	0	0	25990
bc066	708	1	GGTGCCATTCATCA	1	1	53220
bc047	506	1	GGTGCCATTCATCA	1	1	65499
bc037	944	0	/	0	0	76035
bc074	670	1	CAAAAAAAAGAAAA	1	1	49850
bc108	621	1	NAATCCAAAAAAAA	1	1	34448
bc035	1045	2	CAAAAAAAAAAAAA,GGTGCCATTCATCA	1,1	2	78095
bc021	890	1	AAAAAAAAAAAAAA	1	1	103725
bc126	504	2	GGTGCCATTCATCA	2	1	26972
bc138	476	3	GGTGCCATTCATCA,AGTAAAATCTTAAA	2,1	2	24561
bc046	552	1	GGTGCCATTCATNA	1	1	67936
bc144	200	0	/	0	0	21367
bc167	317	1	/	0	0	13675
bc011	1534	0	/	0	0	172438
bc085	586	0	/	0	0	46306
bc158	384	0	/	0	0	15719
bc166	253	0	/	0	0	13813
bc201	264	0	/	0	0	10963
bc205	361	0	/	0	0	10181
bc147	240	0	/	0	0	20033
bc135	306	0	/	0	0	25352
bc080	450	0	/	0	0	48282
bc073	821	0	/	0	0	50202
bc096	500	0	/	0	0	39323
bc029	1027	0	/	0	0	83317
bc199	75	0	/	0	0	11293
bc125	650	0	/	0	0	27004
bc140	328	0	/	0	0	22393
bc148	676	1	GGTGCCATTCATCA	1	1	18558
bc133	460	0	/	0	0	25916
bc162	47	0	/	0	0	14776
bc130	373	0	/	0	0	26423
bc032	763	0	/	0	0	80774
bc056	834	2	ACAGAAAAAAAAAA	2	1	59982
bc048	706	0	/	0	0	64924
bc094	572	0	/	0	0	40251
bc051	680	0	/	0	0	63001
bc078	691	2	CAAAAAAAAAAAAA	1	1	48608
bc112	425	0	/	0	0	32615
bc028	1377	3	GGTGCCATTCATCA,CCGCNNACCCCCAA	2,1	2	83490
bc196	170	0	/	0	0	11439
bc111	393	0	/	0	0	33386
bc016	1133	1	GAAAAAAAAAAAAA	1	1	125878
bc044	548	1	AAAAAAAAAAAAAA	1	1	68877
bc043	716	0	/	0	0	70583
bc109	282	0	/	0	0	34051
bc075	476	0	/	0	0	49212
bc095	366	0	/	0	0	39695
bc045	635	1	GGTGCCATTCATCA	1	1	68216
bc018	1448	0	/	0	0	119853
bc203	266	0	/	0	0	10565
bc083	756	2	GGTGCCATTCATCA	2	1	47676
bc097	479	0	/	0	0	39292
bc020	1422	8	CCCCCACCCTCAAA,CCCCCCACCCTCAA,AGCTCAAATTTAAA	1,5,2	3	106379
bc207	50	0	/	0	0	9837
bc119	794	0	/	0	0	29873
bc189	100	0	/	0	0	11682
bc076	734	1	AGACATAAAAAAAA	1	1	49014
bc152	487	0	/	0	0	17037
bc211	98	0	/	0	0	9338
bc188	67	0	/	0	0	11858
bc030	981	0	/	0	0	81708
bc163	233	0	/	0	0	14655
bc154	540	1	TGTAAAGAAGCAAA	1	1	16321
bc117	386	0	/	0	0	30324
bc215	115	0	/	0	0	8761
bc179	38	0	/	0	0	12719
bc007	1910	1	NTACTGAAAAAAAN	1	1	201880
bc194	334	0	/	0	0	11571
bc101	428	0	/	0	0	36703
bc077	528	0	/	0	0	48641
bc061	686	0	/	0	0	55495
bc100	569	0	/	0	0	37393
bc053	1021	2	GGTGCCATTCATCA	2	1	61596
bc058	1066	2	AGAAAAAAAAAAAA	2	1	57680
bc110	548	0	/	0	0	33650
bc136	477	0	/	0	0	25176
bc090	704	1	AAAAAAAAAAAANN	1	1	41667
bc033	684	1	GGTGCCATTCATCA	1	1	80391
bc025	1235	0	/	0	0	91627
bc022	804	0	/	0	0	96334
bc116	570	0	/	0	0	30854
bc024	754	0	/	0	0	93478
bc127	458	3	TTTAAAAAAAAAAA,GGTGCCATTCATCA	2,1	2	26903
bc104	645	0	/	0	0	35654
bc026	1096	0	/	0	0	90898
bc151	1053	1	GTACTTAAAAAAAA	1	1	17238
bc131	281	0	/	0	0	26182
bc200	89	0	/	0	0	11061
bc106	610	1	CATTAAAAAAAAAA	1	1	34844
bc070	556	0	/	0	0	52562
bc156	300	0	/	0	0	16100
bc197	223	0	/	0	0	11304
bc171	87	0	/	0	0	13113
bc060	707	1	NCCCCNACCCCCCN	1	1	55683
bc081	575	0	/	0	0	48241
bc186	77	0	/	0	0	12070
bc006	1736	0	/	0	0	256076
bc036	835	2	TACACCGAAAAAAA,GGTGCCATTCATCA	1,1	2	76081
bc115	516	1	CCAAAAAACAAAAN	1	1	31042
bc174	185	0	/	0	0	12903
bc082	593	0	/	0	0	47839
bc153	153	0	/	0	0	16535
bc105	327	0	/	0	0	34944
bc212	3378	1	ACCTAAAAAAAAAA	1	1	9214
bc172	490	2	CCAAAAAAAAAAAA,GGTGCCATTCATCA	1,1	2	13045
bc038	737	0	/	0	0	75377
bc217	121	0	/	0	0	8231
bc079	801	0	/	0	0	48590
bc142	541	0	/	0	0	21940
bc041	784	0	/	0	0	73110
bc121	365	0	/	0	0	29463
bc027	793	0	/	0	0	86826
bc008	1244	0	/	0	0	198431
bc114	617	1	GGTGCCATTCATCA	1	1	31285
bc049	770	0	/	0	0	64488
bc218	83	0	/	0	0	8099
bc164	64	0	/	0	0	14385
bc009	1286	0	/	0	0	187913
bc134	157	0	/	0	0	25850
bc071	680	0	/	0	0	52072
bc184	48	0	/	0	0	12129
bc128	517	1	GGTGCCATTCATCA	1	1	26680
bc209	86	0	/	0	0	9623
bc122	533	0	/	0	0	27181
bc019	1052	3	GGTGCCATTCATCA	3	1	109108
bc003	1915	0	/	0	0	310322
bc150	404	0	/	0	0	17621
bc193	61	0	/	0	0	11589
bc065	561	1	CAAAATAAAAAAAA	1	1	53597
bc004	2426	1	GGTGCCATTCATCA	1	1	301204
bc059	515	0	/	0	0	55799
bc042	762	0	/	0	0	71696
bc023	790	0	/	0	0	95194
bc039	789	1	CTAAAAAAAAAAAA	1	1	73999
bc050	624	0	/	0	0	64103
bc002	2855	3	GGTGCCATTCATCA,AGCTCAAAAAAAAA	2,1	2	316922
bc206	314	0	/	0	0	9991
bc177	461	0	/	0	0	12760
bc084	685	0	/	0	0	46711
bc191	72	0	/	0	0	11625
bc034	1131	0	/	0	0	80159
bc017	1305	0	/	0	0	120280
bc064	753	3	GGTGCCATTCATCA	3	1	54647
bc093	477	3	ATACACACAAAAAA	3	1	40339
bc014	1261	0	/	0	0	138232
bc113	590	0	/	0	0	32610
bc088	676	1	NAAAAAAAAAAAAA	1	1	43033
bc216	128	0	/	0	0	8306
bc190	49	0	/	0	0	11674
bc089	667	0	/	0	0	42099
bc086	703	1	GGTGCCATTCATCA	1	1	44822
bc165	98	0	/	0	0	13947
bc192	57	0	/	0	0	11605
bc143	195	0	/	0	0	21519
bc155	418	1	AAAAAAAANAAAAA	1	1	16140
bc129	242	0	/	0	0	26506
bc180	104	0	/	0	0	12607
bc099	571	0	/	0	0	37553
bc055	689	0	/	0	0	61163
bc175	70	0	/	0	0	12849
bc118	444	0	/	0	0	29954
bc087	630	1	GTACTTAAAAAAAA	1	1	44372
bc012	1185	0	/	0	0	164717
bc040	681	0	/	0	0	73589
bc198	123	1	GGTGCCATTCATCA	1	1	11302
bc168	178	0	/	0	0	13646
bc091	198	0	/	0	0	41588
bc182	441	0	/	0	0	12427
bc001	2284	0	/	0	0	343607
bc062	684	0	/	0	0	55147
bc149	405	0	/	0	0	18215
bc185	439	0	/	0	0	12117
bc102	471	0	/	0	0	35843
bc213	372	0	/	0	0	8907
bc063	667	0	/	0	0	55138
bc120	416	1	GGTGCCATTCATCA	1	1	29830
bc054	847	0	/	0	0	61466
bc183	158	0	/	0	0	12351
bc052	474	0	/	0	0	61642
bc015	1188	0	/	0	0	134320
bc181	43	0	/	0	0	12482
bc195	86	0	/	0	0	11547
bc176	228	0	/	0	0	12790
